784
cnt
4 6 6 6 6 6 6 6 6 4 
6 9 9 9 9 9 9 9 9 6 
6 9 9 9 9 9 9 9 9 6 
6 9 9 9 9 9 9 9 9 6 
6 9 9 9 9 9 9 9 9 6 
6 9 9 9 9 9 9 9 9 6 
6 9 9 9 9 9 9 9 9 6 
6 9 9 9 9 9 9 9 9 6 
6 9 9 9 9 9 9 9 9 6 
4 6 6 6 6 6 6 6 6 4 
map
101 101 101 101 101 101 101 101 101 101 
101 101 101 101 101 101 101 101 101 101 
101 101 101 101 101 101 101 101 101 101 
101 101 101 101 101 101 101 101 101 101 
101 101 101 101 101 101 101 101 101 101 
101 101 101 101 101 101 101 101 101 101 
101 101 101 101 101 101 101 101 101 101 
101 101 101 101 101 101 101 101 101 101 
101 101 101 101 101 101 101 101 101 101 
101 101 101 101 101 101 101 101 101 101 

784
cnt
4 6 6 6 6 6 6 6 6 4 
6 9 9 9 9 9 9 9 9 6 
6 9 9 9 9 9 9 9 9 6 
6 9 9 9 9 9 9 9 9 6 
6 9 9 9 9 9 9 9 9 6 
6 9 9 9 9 9 9 9 9 6 
6 9 9 9 9 9 9 9 9 6 
6 9 9 9 9 9 9 9 9 6 
6 9 9 9 9 9 9 9 9 6 
4 6 6 6 6 6 6 6 6 4 
map
193 191 191 191 191 191 191 191 191 193 
191 188 188 188 188 188 188 188 188 191 
191 188 188 188 188 188 188 188 188 191 
191 188 188 188 188 188 188 188 188 191 
191 188 188 188 188 188 188 188 188 191 
191 188 188 188 188 188 188 188 188 191 
191 188 188 188 188 188 188 188 188 191 
191 188 188 188 188 188 188 188 188 191 
191 188 188 188 188 188 188 188 188 191 
193 191 191 191 191 191 191 191 191 193 

784
cnt
4 6 6 6 6 6 6 6 6 4 
6 9 9 9 9 9 9 9 9 6 
6 9 9 9 9 9 9 9 9 6 
6 9 9 9 9 9 9 9 9 6 
6 9 9 9 9 9 9 9 9 6 
6 9 9 9 9 9 9 9 9 6 
6 9 9 9 9 9 9 9 9 6 
6 9 9 9 9 9 9 9 9 6 
6 9 9 9 9 9 9 9 9 6 
4 6 6 6 6 6 6 6 6 4 
map
281 275 275 275 275 275 275 275 275 281 
275 266 266 266 266 266 266 266 266 275 
275 266 266 266 266 266 266 266 266 275 
275 266 266 266 266 266 266 266 266 275 
275 266 266 266 266 266 266 266 266 275 
275 266 266 266 266 266 266 266 266 275 
275 266 266 266 266 266 266 266 266 275 
275 266 266 266 266 266 266 266 266 275 
275 266 266 266 266 266 266 266 266 275 
281 275 275 275 275 275 275 275 275 281 

784
cnt
4 6 6 6 6 6 6 6 6 4 
6 9 9 9 9 9 9 9 9 6 
6 9 9 9 9 9 9 9 9 6 
6 9 9 9 9 9 9 9 9 6 
6 9 9 9 9 9 9 9 9 6 
6 9 9 9 9 9 9 9 9 6 
6 9 9 9 9 9 9 9 9 6 
6 9 9 9 9 9 9 9 9 6 
6 9 9 9 9 9 9 9 9 6 
4 6 6 6 6 6 6 6 6 4 
map
365 353 353 353 353 353 353 353 353 365 
353 335 335 335 335 335 335 335 335 353 
353 335 335 335 335 335 335 335 335 353 
353 335 335 335 335 335 335 335 335 353 
353 335 335 335 335 335 335 335 335 353 
353 335 335 335 335 335 335 335 335 353 
353 335 335 335 335 335 335 335 335 353 
353 335 335 335 335 335 335 335 335 353 
353 335 335 335 335 335 335 335 335 353 
365 353 353 353 353 353 353 353 353 365 

5716
cnt
22 35 40 40 40 40 40 40 35 22 
35 56 64 64 64 64 64 64 56 35 
40 64 73 73 73 73 73 73 64 40 
40 64 73 73 73 73 73 73 64 40 
40 64 73 73 73 73 73 73 64 40 
40 64 73 73 73 73 73 73 64 40 
40 64 73 73 73 73 73 73 64 40 
40 64 73 73 73 73 73 73 64 40 
35 56 64 64 64 64 64 64 56 35 
22 35 40 40 40 40 40 40 35 22 
map
445 425 425 425 425 425 425 425 425 445 
425 395 395 395 395 395 395 395 395 425 
425 395 395 395 395 395 395 395 395 425 
425 395 395 395 395 395 395 395 395 425 
425 395 395 395 395 395 395 395 395 425 
425 395 395 395 395 395 395 395 395 425 
425 395 395 395 395 395 395 395 395 425 
425 395 395 395 395 395 395 395 395 425 
425 395 395 395 395 395 395 395 395 425 
445 425 425 425 425 425 425 425 425 445 

6400
cnt
25 40 45 45 45 45 45 45 40 25 
40 64 72 72 72 72 72 72 64 40 
45 72 81 81 81 81 81 81 72 45 
45 72 81 81 81 81 81 81 72 45 
45 72 81 81 81 81 81 81 72 45 
45 72 81 81 81 81 81 81 72 45 
45 72 81 81 81 81 81 81 72 45 
45 72 81 81 81 81 81 81 72 45 
40 64 72 72 72 72 72 72 64 40 
25 40 45 45 45 45 45 45 40 25 
map
503 462 457 457 457 457 457 457 462 503 
462 399 391 391 391 391 391 391 399 462 
457 391 382 382 382 382 382 382 391 457 
457 391 382 382 382 382 382 382 391 457 
457 391 382 382 382 382 382 382 391 457 
457 391 382 382 382 382 382 382 391 457 
457 391 382 382 382 382 382 382 391 457 
457 391 382 382 382 382 382 382 391 457 
462 399 391 391 391 391 391 391 399 462 
503 462 457 457 457 457 457 457 462 503 

6400
cnt
25 40 45 45 45 45 45 45 40 25 
40 64 72 72 72 72 72 72 64 40 
45 72 81 81 81 81 81 81 72 45 
45 72 81 81 81 81 81 81 72 45 
45 72 81 81 81 81 81 81 72 45 
45 72 81 81 81 81 81 81 72 45 
45 72 81 81 81 81 81 81 72 45 
45 72 81 81 81 81 81 81 72 45 
40 64 72 72 72 72 72 72 64 40 
25 40 45 45 45 45 45 45 40 25 
map
536 459 444 444 444 444 444 444 459 536 
459 339 315 315 315 315 315 315 339 459 
444 315 288 288 288 288 288 288 315 444 
444 315 288 288 288 288 288 288 315 444 
444 315 288 288 288 288 288 288 315 444 
444 315 288 288 288 288 288 288 315 444 
444 315 288 288 288 288 288 288 315 444 
444 315 288 288 288 288 288 288 315 444 
459 339 315 315 315 315 315 315 339 459 
536 459 444 444 444 444 444 444 459 536 

6400
cnt
25 40 45 45 45 45 45 45 40 25 
40 64 72 72 72 72 72 72 64 40 
45 72 81 81 81 81 81 81 72 45 
45 72 81 81 81 81 81 81 72 45 
45 72 81 81 81 81 81 81 72 45 
45 72 81 81 81 81 81 81 72 45 
45 72 81 81 81 81 81 81 72 45 
45 72 81 81 81 81 81 81 72 45 
40 64 72 72 72 72 72 72 64 40 
25 40 45 45 45 45 45 45 40 25 
map
544 416 386 386 386 386 386 386 416 544 
416 215 167 167 167 167 167 167 215 416 
386 167 113 113 113 113 113 113 167 386 
386 167 113 113 113 113 113 113 167 386 
386 167 113 113 113 113 113 113 167 386 
386 167 113 113 113 113 113 113 167 386 
386 167 113 113 113 113 113 113 167 386 
386 167 113 113 113 113 113 113 167 386 
416 215 167 167 167 167 167 167 215 416 
544 416 386 386 386 386 386 386 416 544 

23848
cnt
130 203 225 218 218 218 218 225 203 130 
203 291 301 281 281 281 281 301 291 203 
225 301 283 245 245 245 245 283 301 225 
218 281 245 206 206 206 206 245 281 218 
218 281 245 206 206 206 206 245 281 218 
218 281 245 206 206 206 206 245 281 218 
218 281 245 206 206 206 206 245 281 218 
225 301 283 245 245 245 245 283 301 225 
203 291 301 281 281 281 281 301 291 203 
130 203 225 218 218 218 218 225 203 130 
map
527 333 283 283 283 283 283 283 333 527 
333 141 181 181 181 181 181 181 141 333 
283 181 223 223 223 223 223 223 181 283 
283 181 223 223 223 223 223 223 181 283 
283 181 223 223 223 223 223 223 181 283 
283 181 223 223 223 223 223 223 181 283 
283 181 223 223 223 223 223 223 181 283 
283 181 223 223 223 223 223 223 181 283 
333 141 181 181 181 181 181 181 141 333 
527 333 283 283 283 283 283 283 333 527 

21256
cnt
140 213 211 206 206 206 206 211 213 140 
213 167 198 200 202 202 200 198 167 213 
211 198 235 237 245 245 237 235 198 211 
206 200 237 219 233 233 219 237 200 206 
206 202 245 233 251 251 233 245 202 206 
206 202 245 233 251 251 233 245 202 206 
206 200 237 219 233 233 219 237 200 206 
211 198 235 237 245 245 237 235 198 211 
213 167 198 200 202 202 200 198 167 213 
140 213 211 206 206 206 206 211 213 140 
map
380 131 165 158 158 158 158 165 131 380 
131 210 186 186 186 186 186 186 210 131 
165 186 160 156 156 156 156 160 186 165 
158 186 156 138 138 138 138 156 186 158 
158 186 156 138 138 138 138 156 186 158 
158 186 156 138 138 138 138 156 186 158 
158 186 156 138 138 138 138 156 186 158 
165 186 160 156 156 156 156 160 186 165 
131 210 186 186 186 186 186 186 210 131 
380 131 165 158 158 158 158 165 131 380 

21256
0
2